89.9
91.0
95.2
86.9
88.4
84.8
86.7
83.7
85.7
84.2
88.2
96.2
88.2
87.4
85.9
98.3
84.3
87.8
88.8
95.2
87.8
89.10
89.8
87.3
86.2
89.1
89.1
86.2
87.7
91.4
87.1
86.0
85.0
102
87.6
88.3
84.3
87.3
89.9
88.8
88.7
86.10
87.9
89.8
92.4
86.8
85.6
88.0
87.2
88.7
86.9
98.2
88.6
88.3
86.2
85.9
88.8
87.9
87.7
175
92.1
108
90.10
85.1
85.1
92.8
84.7
87.0
90.1
96.2
90.1
93.4
190
88.2
87.4
85.0
85.9
90.1
88.1
89.0
85.8
85.4
87.10
90.5
88.5
87.4
90.5
95.8
90.0
85.7
87.4
86.2
89.7
94.8
87.9
115
102
151
134
110
86.9
137
248
270
151
211
119
84.10
89.9
88.10
86.8
91.7
89.4
88.8
90.8
87.4
86.3
97.8
86.3
86.7
88.7
87.2
85.0
107
89.8
85.2
88.1
85.2
90.2
96.1
87.3
85.4
122
88.2
86.4
88.3
93.2
220
88.2
87.6
85.6
88.1
89.8
85.10
83.8
92.3
90.2
88.9
102
85.0
85.3
89.8
87.1
86.2
89.1
95.7
90.3
95.8
87.6
86.1
85.1
84.5
122
91.2
94.2
88.4
87.7
85.9
87.7
89.6
85.4
86.6
88.9
92.5
85.2
86.2
87.1
85.6
95.4
88.1
110
89.5
89.2
86.9
91.6
84.7
87.0
89.3
89.3
86.9
88.0
93.9
88.9
86.7
87.5
86.5
86.10
90.0
88.5
85.6
91.4
97.8
87.10
87.1
96.3
89.6
84.2
86.6
86.6
90.6
113
87.3
85.10
85.7
100
156
89.9
85.3
163
95.2
184
278
154
89.3
86.7
84.7
86.4
84.4
90.0
104
124
110
86.4
88.3
86.8
88.0
87.2
96.1
85.5
89.7
94.4
89.2
88.0
97.3
85.3
86.6
94.4
159
85.7
90.10
89.3
88.0
90.1
87.8
90.2
88.2
86.8
85.1
92.3
96.10
87.9
89.5
87.8
85.8
90.6
92.6
86.1
88.7
93.6
87.3
94.10
84.8
86.1
88.4
90.1
85.5
87.3
101
87.6
85.6
84.9
86.10
92.1
84.10
86.10
85.4
89.6
87.8
85.10
85.1
97.2
92.3
88.5
85.9
87.3
86.10
86.10
87.0
86.5
98.9
86.9
89.0
89.10
87.9
102
89.6
85.0
87.2
87.1
89.5
87.6
86.7
91.8
92.7
87.3
88.8
84.9
87.2
89.3
87.8
90.3
87.2
87.0
89.2
87.5
85.8
86.7
88.0
115
98.7
86.3
124
104
155
143
202
163
152
202
176
90.8
88.3
86.4
87.8
93.6
118
87.9
86.2
88.0
85.10
88.1
87.10
419
92.9
89.5
89.10
90.3
85.4
85.8
87.1
92.2
87.1
93.9
112
95.8
91.8
84.4
86.1
88.1
89.9
90.0
87.5
87.6
89.4
104
107
85.6
92.7
87.9
89.6
87.8
92.5
90.6
87.10
86.6
86.4
93.1
87.9
87.10
86.2
84.9
94.3
130
86.2
87.3
87.1
98.5
86.9
85.4
86.6
96.7
88.6
89.5
87.6
85.4
90.2
88.4
89.4
87.8
92.2
90.4
84.6
90.6
97.0
89.8
90.3
85.10
87.4
85.7
91.6
88.2
86.5
91.2
89.8
104
88.5
86.2
84.4
89.5
86.9
85.9
87.6
92.3
87.8
84.8
92.5
84.9
87.8
89.2
93.1
85.6
87.8
88.2
85.10
91.0
85.10
90.2
96.3
90.0
85.0
147
118
97.3
85.3
139
175
153
141
181
160
90.3
147
85.4
86.6
88.0
88.1
84.6
85.4
86.6
92.7
92.3
86.6
84.4
86.3
93.3
86.8
87.8
89.1
116
89.2
88.1
86.3
91.1
89.2
87.6
87.2
103
92.2
91.3
87.9
86.0
87.5
97.9
89.9
95.3
86.1
88.1
90.0
84.8
86.6
90.5
88.2
92.3
87.10
89.6
85.2
87.4
85.4
86.8
86.5
94.3
88.2
87.2
85.2
84.7
90.3
84.5
86.9
85.5
94.2
88.2
88.4
86.1
99.8
88.3
84.4
85.10
84.9
91.1
86.7
85.6
84.9
87.7
90.4
89.8
87.1
86.4
88.3
89.7
88.7
86.1
85.4
89.9
88.7
87.7
86.4
90.7
88.8
86.5
84.10
91.5
86.1
88.1
86.7
84.6
85.2
90.1
83.8
89.9
89.0
95.5
89.7
88.1
86.2
85.0
89.3
91.8
85.8
118
93.4
88.1
87.4
102
152
135
129
162
147
198
180
87.2
86.6
86.1
89.10
86.3
84.9
92.9
88.2
90.4
88.2
86.3
84.10
89.6
84.10
87.0
93.5
91.6
89.7
85.4
85.1
95.8
87.7
86.5
85.4
89.1
87.5
86.5
86.3
90.0
88.5
90.5
90.1
93.2
86.10
89.5
88.4
90.2
85.6
90.0
90.1
85.5
190
94.1
96.8
84.10
86.2
85.6
109
87.5
86.4
86.1
88.3
87.3
86.7
88.3
90.3
90.0
88.8
84.8
87.10
108
88.4
84.8
87.6
87.3
89.7
89.9
86.8
85.4
90.4
85.4
87.4
87.6
88.6
84.7
87.8
86.4
89.4
84.6
90.4
86.5
87.1
89.7
90.2
87.8
88.2
90.5
89.1
163
87.9
87.9
88.3
86.3
85.7
98.4
86.9
97.5
87.1
86.2
111
93.2
86.7
131
114
159
141
280
172
86.2
91.7
85.0
90.1
88.7
88.7
87.10
85.4
88.8
105
86.6
89.0
88.7
90.7
89.5
91.8
87.7
95.2
89.3
86.1
88.3
87.1
89.5
88.7
87.9
89.10
87.3
86.6
85.2
88.2
91.2
91.7
89.5
88.1
237
123
99.0
86.4
89.10
86.6
88.6
88.3
94.2
92.7
90.4
88.1
87.3
84.10
91.3
104
87.3
97.9
89.0
92.2
91.3
90.9
94.4
87.5
113
86.3
97.5
93.4
90.9
91.6
164
87.6
89.1
87.9
86.5
87.0
86.2
97.1
87.9
88.7
86.5
104
89.3
87.8
85.9
84.3
88.8
91.10
88.1
89.3
91.9
90.7
93.3
95.2
87.5
88.9
95.5
84.9
87.8
89.1
94.3
85.3
90.5
109
93.1
87.6
85.5
104
86.7
87.9
115
95.1
142
128
168
159
97.4
90.7
171
211
87.5
89.6
90.2
93.4
85.5
88.1
96.3
102
91.4
87.1
89.4
86.6
87.8
87.3
106
90.5
94.1
91.6
86.8
87.7
85.4
88.2
89.7
104
93.1
89.1
87.7
85.2
87.3
94.7
94.4
93.2
87.9
85.4
86.2
89.6
86.10
90.10
92.2
95.4
89.6
88.1
86.2
85.9
87.1
88.8
86.6
96.6
92.3
91.6
99.3
86.4
87.9
90.1
88.4
86.7
88.1
91.2
100
104
95.0
97.7
93.5
91.9
89.0
89.1
207
89.7
98.5
86.1
195
89.10
92.3
86.6
85.7
87.3
88.6
93.8
88.1
88.2
93.4
87.8
85.7
84.4
98.7
86.3
88.9
87.6
89.1
91.6
89.7
87.8
85.2
94.1
88.7
90.5
85.9
87.3
88.8
87.3
85.8
86.9
92.9
96.7
90.4
94.6
87.4
101
88.8
92.10
323
90.9
1039
97.7
89.2
206
166
241
200
279
237
196
275
272
86.6
900
90.8
103
89.8
90.3
89.9
158
94.7
90.0
88.7
88.6
106
90.3
101
88.9
113
94.5
108
93.3
109
113
105
99.10
90.1
102
100
91.7
89.8
97.7
90.6
90.8
89.6
91.6
89.6
87.4
85.2
90.3
85.4
92.2
101
90.1
126
92.1
91.4
88.6
86.5
91.7
103
88.2
97.1
86.3
92.5
97.7
87.9
91.2
89.6
93.2
88.6
87.6
85.4
98.1
87.2
115
89.0
103
91.3
99.7
87.5
85.1
86.6
88.6
114
93.3
101
92.10
99.1
86.9
91.9
87.1
103
94.6
96.0
92.2
87.3
110
87.6
86.1
96.4
89.5
89.3
83.9
87.2
108
96.6
95.2
87.1
85.5
93.2
87.7
89.2
89.3
86.2
110
88.1
88.9
192
107
244
367
114
86.9
134
258
270
195
109
91.3
86.7
87.4
88.9
89.3
111
90.6
89.8
90.4
94.6
86.8
86.6
85.3
90.7
87.0
86.2
94.1
90.10
87.3
94.4
87.7
85.4
87.7
89.0
86.8
91.5
94.4
93.5
84.4
86.1
92.4
102
87.9
164
86.8
87.6
97.3
85.7
86.3
97.2
92.1
90.5
86.3
95.7
88.7
92.6
99.8
87.3
86.2
90.10
136
87.4
86.3
87.4
89.1
92.3
86.6
86.4
96.1
87.5
85.7
89.0
97.8
90.9
92.5
131
92.8
215
90.3
88.4
87.9
98.6
96.6
88.9
92.4
109
96.8
92.8
98.7
88.5
87.1
95.1
117
93.4
101
99.0
119
90.4
86.9
106
124
87.9
97.6
87.3
89.10
110
94.9
89.4
93.8
95.5
90.5
85.1
94.3
91.1
91.6
87.2
88.2
195
95.0
343
160
85.5
205
110
251
175
295
93.5
92.5
86.6
87.6
85.5
87.6
99.8
86.2
163
110
90.6
88.9
85.1
107
87.4
109
99.5
99.6
126
94.10
87.8
96.3
95.7
114
94.10
89.5
93.2
109
114
98.10
88.1
96.2
103
85.8
93.8
86.10
89.6
94.9
112
93.5
94.4
120
90.7
91.1
182
90.5
88.7
91.2
92.8
97.3
92.1
92.3
89.2
94.4
87.0
125
98.0
85.0
94.5
92.10
88.7
88.1
93.10
87.2
90.5
99.6
168
87.7
93.5
95.0
86.3
95.1
105
87.5
98.2
87.3
86.1
109
102
88.7
86.5
91.9
88.9
88.1
87.10
97.9
110
90.6
90.0
94.9
96.2
88.6
90.1
88.6
87.1
87.5
93.8
93.2
87.1
120
93.9
90.3
86.4
85.10
87.8
89.4
92.7
89.6
101
92.9
138
157
388
203
179
250
172
296
178
89.3
86.9
85.6
90.4
89.7
92.0
96.0
95.3
240
86.3
102
86.3
93.1
97.3
88.10
91.5
93.3
87.10
143
149
91.2
90.1
94.9
87.6
89.7
88.1
89.0
89.7
88.8
87.1
88.7
97.0
88.3
88.7
89.3
87.6
89.1
84.5
105
92.7
108
87.8
86.3
211
102
114
93.0
88.9
106
107
89.6
92.3
87.9
101
95.7
145
98.1
84.7
89.4
87.10
91.10
92.4
89.5
85.2
94.6
84.6
107
93.9
100
93.0
98.5
98.4
91.6
88.0
104
88.7
93.2
88.0
156
105
97.9
88.2
89.9
107
88.7
90.8
92.9
92.7
90.9
85.9
84.8
91.2
90.2
86.1
96.3
90.8
87.2
89.9
173
87.3
219
103
158
180
212
127
152
200
223
433
350
86.10
91.0
88.2
94.2
89.5
94.10
98.1
137
86.5
89.8
87.2
90.3
85.4
84.8
90.8
87.0
87.8
96.9
92.3
88.6
92.5
94.7
89.3
85.5
88.5
88.1
90.9
106
91.5
89.3
87.10
86.8
89.5
94.1
89.6
88.1
86.9
89.1
114
92.8
88.4
103
88.2
94.4
87.8
87.1
88.5
88.5
92.3
108
87.8
86.6
89.4
91.1
91.3
88.2
92.10
93.7
88.0
88.2
95.7
91.3
87.4
90.1
87.7
85.2
92.2
107
101
93.7
86.3
89.2
102
92.3
90.9
90.7
92.8
100
88.0
91.1
88.0
103
89.7
85.5
89.0
88.9
90.10
92.8
90.7
106
91.6
92.2
195
90.4
90.2
161
104
206
99.2
461
178
202
225
87.2
106
84.10
88.3
113
128
191
93.8
94.9
90.6
95.3
90.5
86.2
104
96.8
109
89.6
88.9
89.1
88.2
97.4
87.9
91.4
87.9
167
136
100
102
87.10
88.9
85.2
171
89.1
93.3
87.8
91.4
88.0
91.6
90.3
115
84.4
87.6
90.6
94.1
103
92.1
90.4
95.5
89.1
91.3
88.6
87.2
97.3
89.8
143
102
100
87.6
88.4
88.8
89.9
87.6
194
116
93.1
87.3
86.2
87.2
90.1
90.1
87.7
88.9
92.8
87.10
113
89.3
86.9
90.9
87.7
90.8
85.5
102
89.8
85.10
105
121
88.4
86.9
87.0
92.1
89.3
91.10
87.6
87.8
89.10
147
102
194
320
138
263
185
196
231
255
88.9
103
92.2
88.0
89.8
87.8
96.1
89.6
85.4
156
213
88.7
85.8
94.9
86.10
91.6
88.8
87.6
95.6
98.0
89.3
85.4
89.6
87.3
91.9
87.7
86.8
90.7
208
213
86.9
94.9
90.10
89.3
92.7
89.4
88.1
105
89.7
118
87.5
91.1
96.4
90.0
87.3
85.3
105
111
86.6
96.3
91.2
93.7
90.2
88.1
87.3
85.0
90.3
90.6
86.4
105
128
89.2
92.2
86.2
109
93.3
89.6
87.3
101
120
87.8
86.1
87.7
95.8
89.3
89.7
84.8
91.5
88.1
95.7
96.6
86.1
300
97.2
89.5
89.4
90.0
94.6
93.0
114
90.5
90.3
89.9
93.5
86.4
88.0
118
96.3
88.2
90.7
102
94.2
179
85.1
88.10
118
108
146
85.1
153
102
139
275
191
202
225
88.0
89.5
97.7
93.3
92.6
90.6
89.7
87.6
95.8
88.4
173
87.1
90.5
338
86.9
85.7
88.7
90.10
89.5
90.9
89.1
88.2
93.8
87.1
86.10
88.2
92.9
84.10
101
87.7
97.9
94.3
89.3
85.2
95.9
225
88.5
91.7
92.4
86.1
87.5
86.8
100
86.1
93.8
90.2
89.1
88.3
86.1
101
90.0
89.2
90.9
105
111
85.0
105
101
87.6
89.9
84.8
89.3
95.3
87.1
93.2
85.1
91.5
101
89.3
88.4
86.3
93.7
89.5
145
92.9
90.7
83.8
84.2
96.6
87.3
89.7
102
87.5
92.0
96.6
89.3
91.7
86.1
87.3
90.6
89.4
87.3
90.2
130
99.4
98.6
90.7
95.5
87.3
89.7
85.6
85.6
86.7
95.6
108
97.5
92.3
210
97.4
469
88.0
197
106
161
574
189
310
89.7
91.4
98.9
90.1
89.6
89.9
161
89.8
86.7
89.0
102
85.10
90.8
98.0
89.1
89.7
301
87.9
89.1
84.4
85.3
95.1
86.6
96.5
90.5
91.1
85.5
120
98.6
92.8
104
92.3
92.3
107
192
97.7
144
95.8
88.4
85.1
91.5
97.10
87.7
86.7
94.3
96.7
99.1
121
89.6
90.1
90.1
86.1
88.5
87.9
106
91.2
113
86.5
90.2
111
87.2
96.5
105
92.1
87.2
102
98.4
93.3
90.1
85.5
98.4
85.9
99.4
91.4
89.0
86.4
109
106
103
187
89.8
95.5
87.1
88.9
87.9
90.6
92.0
91.0
86.2
89.3
95.1
91.0
85.3
87.2
92.7
111
84.1
91.0
86.5
95.10
89.8
86.2
181
108
94.2
96.4
91.7
104
120
235
138
176
102
86.4
141
189
156
313
91.7
105
87.3
87.3
113
87.3
116
96.9
129
103
86.6
90.3
715
90.5
104
86.4
84.8
128
96.4
87.6
89.8
88.0
93.7
95.6
86.1
86.8
86.7
131
92.6
87.2
88.5
94.9
89.8
91.9
85.9
85.1
99.8
94.10
145
86.2
87.7
91.8
84.6
84.2
87.9
114
87.4
90.1
94.1
107
89.4
87.9
86.4
89.6
92.6
89.2
85.9
97.9
164
93.1
84.10
86.6
88.9
95.6
88.8
89.2
111
99.9
88.0
89.3
86.6
86.7
91.3
89.4
90.3
87.7
87.0
103
114
87.3
99.5
104
89.7
87.4
86.5
94.9
90.3
89.8
105
88.1
86.0
92.8
85.7
86.10
92.4
95.8
87.10
89.2
144
86.1
86.1
87.8
90.5
91.8
108
89.8
92.4
170
104
225
148
106
87.5
417
239
159
178
303
94.6
128
92.8
85.1
95.2
86.1
86.1
86.2
87.10
88.0
94.8
85.9
98.3
95.4
91.8
88.10
86.0
90.0
130
85.1
114
86.9
107
130
87.4
85.2
86.5
96.9
98.5
90.10
102
92.1
90.7
86.7
84.9
93.9
89.7
88.2
87.8
106
88.2
90.7
87.9
85.5
94.2
101
87.7
86.8
94.3
92.7
85.0
90.5
86.8
87.6
93.2
92.1
86.2
87.6
97.4
120
89.10
93.9
106
89.10
89.4
112
86.2
98.4
98.7
107
90.3
95.6
90.2
84.1
98.5
89.7
89.3
88.3
98.10
87.6
95.0
90.10
98.1
90.8
86.5
197
87.5
90.2
95.9
106
86.9
86.6
97.7
86.1
90.0
97.3
89.3
86.10
92.8
124
91.7
86.8
97.5
89.5
90.3
105
90.4
95.1
203
112
91.6
168
98.7
94.1
133
176
88.7
140
430
252
87.1
90.2
317
90.5
87.10
89.8
88.9
108
90.6
174
88.7
95.5
88.3
87.3
87.10
306
87.4
88.4
86.1
125
96.6
87.6
88.2
88.7
86.6
103
87.4
85.10
90.6
98.9
86.5
87.8
86.7
92.6
88.2
85.3
87.7
87.5
88.6
118
95.7
91.8
107
252
92.5
368
105
112
93.1
126
95.2
113
89.4
88.3
85.7
90.10
91.2
90.0
90.10
99.7
86.3
90.3
86.5
94.5
87.7
104
96.10
103
84.8
99.4
88.3
92.1
85.6
85.3
87.8
89.0
87.4
89.1
85.7
101
91.7
86.2
110
90.5
87.2
84.10
86.4
90.6
89.5
150
99.3
88.6
88.9
95.4
94.2
96.9
90.7
106
180
143
90.3
86.3
85.8
87.4
218
140
368
85.5
97.6
118
159
85.6
86.2
88.0
90.0
85.9
88.9
109
91.5
93.9
85.3
89.3
90.6
87.3
91.2
87.6
89.6
86.9
84.6
137
104
90.5
94.2
97.9
87.6
100
85.3
91.1
95.6
84.7
88.3
92.3
85.5
90.9
95.10
87.4
86.3
105
127
125
100
89.4
87.2
91.0
87.7
91.1
93.9
91.5
89.5
84.8
88.3
96.9
99.9
89.2
88.4
87.6
89.8
92.5
85.4
84.3
95.0
87.5
85.7
87.10
92.2
85.4
88.5
87.0
102
106
87.6
96.2
94.4
91.1
91.9
89.8
84.7
90.1
97.1
84.6
86.7
87.5
88.6
90.4
102
90.2
95.2
87.6
85.3
106
88.6
88.8
85.6
96.6
98.8
87.3
131
188
95.6
86.6
122
282
208
137
252
279
219
89.1
89.5
122
94.4
112
88.5
86.5
99.5
89.6
88.6
92.3
94.1
86.4
90.4
89.3
87.2
86.1
91.0
86.2
85.6
85.7
104
95.3
93.1
86.7
85.4
89.7
89.7
89.7
92.1
101
93.6
85.5
87.2
86.10
95.2
87.5
103
87.0
90.4
88.4
85.1
114
92.8
88.4
89.3
95.4
88.3
88.2
87.8
88.3
94.5
111
97.8
88.8
87.0
88.5
103
87.5
85.6
97.8
95.8
87.5
87.9
93.2
85.4
91.9
86.8
88.6
89.7
96.2
89.0
155
86.0
86.1
88.9
86.5
111
96.10
93.2
87.8
87.5
101
84.7
88.1
87.8
85.2
89.2
93.4
89.5
87.4
84.8
93.10
85.8
89.3
91.0
85.5
114
92.5
89.7
126
104
146
161
87.10
196
211
233
259
587
91.9
94.7
97.6
90.2
121
107
94.3
91.9
90.8
95.1
91.2
90.6
470
91.10
86.9
91.0
87.4
92.0
88.9
86.4
116
87.10
122
100
88.8
88.3
88.5
91.4
86.6
97.4
91.1
86.4
96.8
99.7
87.10
86.10
98.8
116
88.4
88.3
93.7
92.1
88.7
90.7
84.3
86.3
89.7
89.7
89.7
87.7
84.6
94.1
99.3
101
98.3
109
98.2
86.7
89.6
92.4
97.3
298
133
86.8
102
88.5
87.2
86.0
91.6
88.6
85.9
89.5
84.9
86.7
90.4
120
102
85.9
93.7
106
84.9
92.6
87.5
87.9
91.2
87.9
86.1
89.2
93.2
86.8
104
99.9
133
89.10
100
91.0
88.9
89.4
95.5
86.10
92.7
95.3
102
86.8
89.2
90.0
86.8
86.9
173
87.0
136
140
200
146
205
241
250
273
192
87.2
88.8
96.9
114
88.4
87.0
88.6
89.0
87.6
87.5
157
87.8
93.2
85.7
87.4
88.4
85.9
85.7
91.3
90.3
85.7
88.9
87.3
127
90.4
93.1
86.4
89.3
89.5
168
88.5
90.8
89.9
87.0
92.8
89.7
87.0
93.1
99.2
89.6
89.6
91.9
92.3
88.7
87.3
87.9
87.5
85.4
85.5
91.6
88.9
92.2
86.7
116
85.7
90.5
87.2
87.4
93.1
93.6
88.9
85.1
95.3
86.8
89.4
87.6
95.6
88.4
88.3
91.10
85.8
122
88.1
86.2
91.6
88.8
89.2
91.2
88.6
86.6
87.9
90.8
141
94.1
85.8
126
95.0
90.7
85.4
87.1
92.4
92.4
98.3
93.4
85.4
106
90.9
91.9
87.3
96.3
89.6
87.8
90.6
84.7
95.9
90.1
155
101
90.7
136
106
148
155
229
226
148
272
90.3
92.3
90.2
87.9
86.8
93.9
85.4
95.7
89.1
86.8
92.6
90.3
86.2
87.4
94.1
89.0
98.0
88.7
85.2
88.9
87.0
87.9
92.6
90.5
88.4
91.4
87.0
85.1
90.1
86.8
85.5
93.2
93.5
99.10
95.6
86.4
87.1
90.5
92.6
90.2
85.5
90.3
88.10
88.8
84.9
115
90.2
88.4
103
86.3
87.5
88.3
90.8
86.9
87.4
93.5
101
87.0
86.2
89.3
88.7
90.1
92.5
86.9
87.7
98.1
85.3
89.2
94.6
91.6
87.0
87.5
137
87.0
89.0
87.3
93.8
87.1
88.8
95.1
85.6
88.1
88.9
89.1
87.5
87.7
84.2
99.5
89.4
92.8
86.6
86.6
93.5
87.8
85.4
87.2
96.3
88.6
89.2
85.2
89.3
98.3
90.2
85.1
101
92.0
88.2
118
118
91.3
219
138
264
182
207
156
149
273
94.4
89.8
92.6
93.4
87.7
88.3
92.4
87.4
104
89.6
96.10
91.0
87.2
106
89.5
89.10
117
102
90.2
89.8
96.9
101
124
88.8
89.8
87.7
90.5
85.1
111
88.9
87.9
87.10
86.6
92.9
84.6
90.7
86.4
128
86.4
86.3
87.5
90.9
88.1
97.8
84.4
85.9
88.8
87.3
110
87.7
86.7
95.1
89.8
87.7
85.5
93.2
87.1
86.9
88.1
95.3
85.1
87.8
89.9
84.7
88.4
89.6
90.8
88.9
93.8
90.6
90.5
85.9
89.8
88.3
94.6
89.5
89.5
87.5
90.9
86.5
91.7
94.6
91.7
88.3
90.0
93.0
87.9
87.0
93.7
90.3
85.0
88.2
92.3
90.1
90.1
87.2
89.7
91.6
108
92.9
89.10
87.4
89.1
88.0
108
100
134
109
91.8
94.10
110
236
157
181
203
227
93.1
152
94.5
96.5
91.10
89.5
86.2
85.4
88.1
87.2
86.1
89.0
90.8
104
87.1
93.2
85.8
87.5
117
119
86.1
84.9
94.3
92.2
87.6
94.4
90.9
110
87.3
89.8
87.6
108
87.9
87.4
85.4
88.0
85.8
89.7
86.2
92.5
88.5
91.4
87.2
90.2
88.5
85.10
94.4
88.4
90.3
89.0
88.9
85.4
100
89.0
90.5
96.2
90.4
211
96.4
87.0
94.6
89.4
87.4
123
135
158
85.3
87.3
83.10
86.6
87.8
86.1
107
90.1
86.10
96.1
87.10
90.3
85.3
91.9
87.3
106
95.1
86.5
87.7
96.9
87.4
86.1
89.3
86.5
88.3
86.9
85.2
87.5
85.4
84.5
88.8
94.5
92.4
84.3
90.0
109
88.0
95.1
90.6
85.5
85.7
93.7
129
165
170
161
138
159
184
207
231
86.2
88.1
85.2
90.4
97.1
127
104
90.7
89.6
86.3
85.8
85.5
90.2
87.3
87.1
86.9
104
104
88.5
89.7
84.4
87.3
87.7
112
87.7
95.3
86.6
91.2
97.2
232
88.7
85.5
85.1
97.9
87.9
86.3
84.3
89.9
88.6
86.3
84.3
84.5
94.7
88.6
129
93.4
91.1
96.6
86.5
84.10
88.4
90.7
87.7
85.6
120
107
152
87.4
86.7
97.9
88.9
117
194
116
160
85.5
87.9
98.7
94.6
90.9
531
84.1
95.2
86.3
128
331
87.10
90.8
86.1
85.9
153
88.2
89.3
87.0
85.1
90.8
214
87.0
86.0
87.0
85.2
85.7
190
99.2
161
99.8
175
144
138
166
169
96.9
105
159
85.10
89.1
89.6
93.1
85.5
98.1
102
93.4
90.8
85.6
227
108
93.7
265
98.8
86.8
84.10
85.8
93.5
91.5
90.3
86.0
86.8
87.5
90.9
88.6
85.0
84.8
87.9
91.6
89.7
87.3
86.2
227
85.1
88.7
87.4
93.1
90.3
89.5
92.1
84.7
89.1
90.8
87.3
86.4
88.10
88.4
87.0
88.1
87.2
128
90.7
89.7
87.7
96.3
98.9
87.7
85.7
86.7
91.5
173
87.7
86.5
90.6
88.4
86.0
85.5
84.1
91.1
88.0
112
93.1
90.2
89.4
85.10
104
88.9
85.0
89.5
101
90.0
86.5
87.10
86.2
99.8
87.9
90.1
87.4
94.9
90.1
86.9
86.4
215
101
95.0
119
109
170
139
378
191
232
244
86.7
86.7
89.7
89.7
83.9
93.1
90.6
126
93.4
180
86.3
92.3
85.8
91.4
87.6
90.2
86.1
93.2
87.1
89.7
93.6
85.9
88.3
86.2
99.6
88.9
88.1
99.3
88.4
88.7
92.2
93.8
86.5
89.8
86.3
94.6
116
104
85.8
92.0
88.7
84.9
84.1
83.10
88.9
87.5
116
85.2
90.6
88.1
95.8
94.5
90.5
89.7
213
93.9
87.7
87.8
87.4
90.4
91.4
85.2
88.1
103
92.3
87.4
100
156
87.5
86.4
90.4
112
87.3
90.6
88.1
85.6
158
89.9
86.3
87.1
93.4
94.6
88.5
164
85.8
89.4
90.3
97.4
95.8
86.6
109
87.10
86.3
98.0
91.1
88.2
222
99.3
87.7
94.1
143
89.8
278
302
175
150
130
287
184
229
358
91.3
86.8
89.8
84.6
88.6
112
85.2
91.9
86.6
89.6
90.0
87.3
87.4
85.2
99.1
86.4
84.8
97.1
89.0
88.3
104
92.8
86.7
88.4
88.5
93.3
87.5
88.1
89.6
88.3
95.6
86.8
89.4
87.4
88.2
112
85.2
87.7
86.3
90.3
85.6
88.2
88.3
97.4
91.5
88.9
84.1
85.4
91.0
86.0
88.4
86.2
95.5
90.5
84.6
86.10
85.7
90.3
89.2
91.4
122
87.4
87.4
85.3
83.8
134
90.0
88.9
87.10
86.9
92.6
87.6
89.4
88.3
96.5
253
157
88.7
106
87.9
90.0
102
94.6
87.4
85.7
87.1
85.7
91.9
86.3
98.1
91.7
107
85.4
90.7
84.10
87.0
113
107
89.6
85.6
106
89.8
87.2
89.3
86.2
88.0
113
91.2
89.5
168
109
94.5
117
171
179
143
208
233
88.0
106
91.8
93.2
87.3
260
96.6
177
86.8
85.3
94.1
101
90.2
90.7
96.5
93.6
90.4
111
367
89.1
126
120
91.7
87.10
85.8
113
87.3
84.8
111
85.8
99.9
87.1
87.1
89.9
90.4
88.9
83.8
85.3
88.2
86.0
96.2
84.7
84.6
93.5
89.2
84.10
84.2
86.5
90.0
87.2
104
92.6
94.9
89.7
91.2
88.5
84.8
102
93.0
86.6
102
97.4
91.1
87.3
93.8
87.7
86.2
148
97.4
88.5
92.8
88.2
88.2
98.1
87.10
89.0
88.4
89.3
86.3
93.4
88.0
87.2
96.3
89.7
86.1
88.4
90.2
144
90.8
91.7
89.5
105
85.0
92.7
88.10
87.1
88.4
90.5
88.9
87.5
91.8
87.1
90.5
99.4
85.2
90.9
209
100
255
382
198
221
244
156
191
90.3
110
361
87.6
198
90.9
92.6
86.8
190
97.6
89.2
84.7
89.3
86.6
88.1
94.10
87.4
90.8
88.1
97.2
87.10
84.6
90.6
94.2
93.2
87.7
93.4
85.4
128
101
99.5
86.8
144
121
263
87.4
85.10
94.8
94.2
87.7
90.1
91.0
96.7
109
88.9
91.2
88.4
94.0
89.1
88.0
98.8
88.10
119
86.1
101
87.6
85.8
108
91.6
93.10
88.10
83.6
134
85.7
210
97.4
93.9
89.3
102
88.9
164
84.4
93.5
94.3
85.2
125
108
91.10
239
89.1
90.8
90.4
216
196
91.1
96.5
88.5
97.8
87.1
87.1
86.5
170
189
252
129
105
92.8
105
86.3
101
96.5
87.10
95.5
107
87.7
104
87.3
86.3
85.2
219
95.0
146
184
170
110
160
175
196
321
84.9
87.3
89.5
87.9
90.10
91.7
106
116
90.7
103
86.8
98.6
87.6
109
90.3
89.3
86.1
87.4
90.4
85.5
84.7
87.8
92.8
110
87.7
88.7
91.10
103
87.5
85.5
85.9
86.2
84.4
91.3
88.9
113
90.10
87.3
86.6
88.3
88.7
86.5
88.7
87.0
102
87.7
86.7
84.0
87.7
93.3
87.2
96.0
101
91.4
87.6
93.9
87.2
88.10
87.0
90.1
88.1
86.9
85.4
85.7
88.9
85.8
86.9
90.6
87.7
85.1
88.4
87.4
89.6
88.7
98.0
84.7
103
105
90.6
85.10
85.8
90.7
101
87.4
93.8
88.9
91.2
85.1
85.5
88.9
87.5
84.8
92.1
110
91.3
87.5
98.8
87.8
85.8
89.1
90.10
84.6
87.6
88.9
92.2
87.5
84.5
197
108
157
90.4
113
167
110
196
286
195
90.1
88.6
84.9
87.4
85.7
89.9
94.6
91.4
87.1
90.3
89.7
85.1
87.2
87.0
89.0
90.2
96.6
97.7
88.4
91.2
95.7
87.4
89.1
91.6
89.2
101
89.7
93.1
91.7
84.6
88.4
91.8
84.3
89.6
87.7
87.4
117
90.2
85.3
90.8
88.1
89.0
87.5
86.6
97.4
93.5
88.8
84.5
86.5
90.1
90.9
88.9
87.7
106
88.5
84.1
84.1
84.10
86.4
91.1
87.6
84.4
87.7
86.9
87.8
85.7
93.10
103
110
105
91.5
88.4
87.0
89.4
183
84.7
157
89.3
98.2
93.1
89.2
85.3
90.1
97.4
88.4
123
88.8
87.1
85.6
95.7
97.4
87.2
86.8
94.5
119
85.4
85.1
95.6
86.0
136
90.3
86.8
96.7
90.0
94.4
209
94.6
433
111
114
191
171
93.2
168
246
150
271
222
89.9
103
90.2
122
100
86.9
92.7
98.5
203
156
98.1
89.6
85.0
97.3
89.6
93.5
89.5
86.5
84.5
88.5
86.10
86.8
90.2
84.8
87.3
84.6
103
84.8
87.2
91.3
93.3
94.6
87.5
89.0
85.3
91.1
87.7
102
84.4
93.8
88.3
84.7
86.4
90.2
93.1
85.8
87.7
86.8
96.9
89.0
86.10
88.1
113
96.4
110
94.1
134
87.1
93.9
98.2
91.4
91.0
87.5
88.1
88.6
89.2
95.5
87.2
100
97.9
89.0
96.0
89.5
87.5
92.2
86.1
89.2
87.5
84.7
99.10
88.8
88.2
91.0
132
87.5
107
86.1
88.7
84.8
106
86.0
90.1
88.6
108
88.1
326
105
87.0
88.9
206
230
255
201
191
165
92.3
88.7
89.3
89.5
105
87.6
87.2
87.1
90.4
89.3
85.9
88.1
86.7
86.9
87.1
87.8
88.0
88.5
86.6
86.3
88.7
96.4
89.9
86.4
85.7
88.5
86.6
85.6
91.2
90.2
89.3
84.7
87.7
86.10
89.9
88.3
92.8
91.4
91.6
97.8
89.5
91.9
99.2
90.8
92.2
96.2
87.3
93.10
91.3
88.8
87.3
90.9
129
86.6
97.5
87.9
85.6
95.1
86.7
89.1
86.9
92.9
88.7
85.0
89.10
105
86.9
88.3
85.3
98.4
87.2
94.9
88.4
102
83.10
91.8
93.6
93.4
88.8
90.10
87.5
86.8
87.4
87.2
97.9
86.6
87.3
85.6
87.8
401
104
106
84.5
104
87.7
91.0
115
103
199
129
145
372
144
202
341
87.0
88.2
84.10
89.8
97.2
86.2
88.4
85.8
161
104
89.1
85.3
87.4
90.1
88.7
85.6
88.8
86.5
96.7
85.9
92.7
92.1
89.4
84.9
219
87.8
86.10
87.10
106
88.5
85.8
88.1
89.5
90.9
89.5
87.9
91.1
102
90.7
84.10
86.7
86.8
88.9
87.8
87.0
86.5
87.3
85.7
89.9
86.5
88.0
89.4
91.4
84.8
85.10
87.6
89.1
89.0
89.8
87.2
92.3
87.7
85.8
87.7
87.7
89.6
88.0
87.8
102
88.4
88.2
89.10
101
85.6
90.6
96.2
87.8
90.1
107
92.9
87.4
85.4
92.6
90.9
92.2
88.8
89.6
87.6
94.0
88.0
86.2
89.1
87.6
89.5
87.0
85.8
87.9
84.6
86.0
99.1
89.1
97.5
88.8
87.9
283
85.8
225
130
167
151
126
339
258
205
192
91.2
89.2
92.7
92.3
87.2
92.4
91.10
87.0
87.4
89.4
89.3
86.8
84.4
112
89.8
90.7
84.8
88.2
88.6
90.4
88.7
86.7
84.7
94.4
96.4
91.10
88.3
88.3
89.4
86.9
87.7
89.5
93.1
119
92.1
84.5
87.6
89.8
91.6
87.3
87.7
92.8
147
87.2
87.8
91.10
89.2
87.9
86.5
87.6
89.5
88.9
87.5
85.4
101
88.10
86.9
85.9
89.4
87.5
103
86.5
98.9
88.2
91.2
88.3
114
85.9
89.10
88.7
85.2
87.4
85.1
90.3
86.8
99.2
87.2
87.2
87.3
86.3
91.4
89.5
84.4
115
89.2
191
89.7
87.2
162
92.5
86.4
94.2
90.2
192
86.1
97.9
122
86.6
285
92.4
92.8
94.1
112
99.0
87.0
89.6
123
88.1
86.2
218
119
164
150
207
229
179
274
195
219
90.1
86.2
91.4
93.6
96.8
86.10
92.4
92.1
88.6
90.3
85.9
98.9
85.2
88.3
86.6
91.8
89.2
91.1
89.10
86.0
87.8
88.4
92.7
84.7
103
88.2
97.5
87.1
88.1
85.9
88.1
105
89.5
102
85.7
87.8
89.1
87.6
87.5
87.0
89.6
85.8
86.4
85.7
98.1
96.0
96.5
84.9
85.0
87.8
89.1
85.3
86.1
91.6
89.6
87.8
85.8
84.7
89.3
88.10
85.9
84.7
86.3
88.4
87.8
85.3
87.5
85.9
87.6
85.6
87.1
86.4
90.2
85.1
87.0
88.1
89.1
87.4
86.5
84.7
89.5
95.4
85.7
90.1
85.4
90.4
88.7
84.5
86.9
85.3
90.9
89.7
87.8
84.3
85.7
88.4
106
84.7
85.10
88.4
90.1
86.8
87.10
85.1
87.1
95.8
88.7
130
110
87.10
145
88.8
202
144
124
178
160
204
91.9
85.8
86.4
85.0
89.9
88.7
87.9
90.7
87.3
87.8
86.3
87.1
88.1
86.8
88.5
86.4
90.1
90.4
92.1
93.0
90.3
87.9
95.3
88.3
86.2
91.2
87.2
94.1
89.4
87.9
86.1
89.0
88.3
84.7
85.4
86.8
110
89.1
91.8
90.6
119
88.9
86.9
86.5
92.1
89.8
90.3
87.2
87.6
87.7
90.2
88.2
86.8
86.2
96.9
88.3
86.6
92.3
86.5
94.6
88.8
89.1
94.5
88.2
88.9
89.1
86.9
85.9
89.0
87.6
87.0
92.3
87.8
94.10
85.2
100
89.1
88.6
90.6
88.3
84.6
88.5
96.2
90.8
91.4
88.1
93.6
100
90.2
85.8
85.8
90.3
88.0
88.6
92.1
88.2
96.1
89.3
87.0
96.9
87.9
85.4
87.5
85.10
87.6
89.6
89.5
86.7
85.8
160
110
97.6
181
119
227
146
129
174
162
209
191
88.8
86.9
96.5
87.0
87.0
87.6
90.2
88.4
86.6
93.9
85.2
90.4
89.10
95.9
87.3
87.2
88.8
85.5
91.6
87.2
87.2
88.9
85.1
91.3
87.5
89.5
87.0
95.1
95.4
87.8
87.8
85.5
87.4
87.7
94.1
87.4
90.3
108
88.5
90.4
87.1
87.4
86.7
93.9
89.5
89.3
88.4
87.2
95.5
104
85.3
85.1
88.2
99.9
96.1
87.5
85.9
101
87.6
91.7
109
87.9
90.1
89.5
90.6
88.6
96.9
88.8
88.7
86.6
91.9
97.7
88.4
86.5
87.7
90.1
101
93.5
87.7
84.6
90.9
97.6
86.6
89.5
88.6
105
84.9
87.8
94.7
99.0
87.8
87.7
85.9
97.6
90.2
84.7
91.0
117
93.2
95.10
85.10
88.1
93.9
89.9
84.10
96.2
103
102
88.8
113
103
143
125
135
151
146
199
166
212
213
101
89.8
86.2
88.3
85.2
90.4
89.4
88.7
85.7
87.2
89.9
86.4
88.1
85.7
89.8
88.7
86.4
93.5
89.8
93.1
112
91.5
88.9
96.2
88.1
85.9
88.3
86.7
90.7
88.10
89.5
84.9
97.7
90.4
87.6
86.9
85.7
92.4
89.3
87.1
87.9
97.1
112
86.5
85.7
153
105
87.0
91.4
99.2
95.5
92.8
103
130
89.9
90.5
85.5
86.8
87.9
89.5
85.6
89.1
88.8
88.3
87.7
84.9
91.8
85.2
87.8
85.8
85.0
93.5
89.4
90.3
88.10
89.3
91.5
90.2
86.5
85.7
87.8
90.6
88.1
87.10
89.0
87.9
89.4
86.8
84.10
86.5
88.6
87.8
85.0
85.0
90.2
93.1
85.6
86.4
91.8
103
87.6
185
121
96.5
146
127
195
96.6
141
264
168
86.7
87.10
88.1
89.1
85.2
91.8
88.5
99.0
86.7
91.1
88.2
86.4
89.6
84.3
89.4
87.9
87.8
85.4
90.1
89.5
90.0
84.7
87.5
90.5
88.3
86.10
88.1
89.6
85.7
88.8
85.9
92.1
117
86.4
88.1
86.10
87.7
86.5
93.0
87.7
87.8
89.7
88.0
87.7
103
89.9
85.9
87.2
87.2
87.3
88.7
88.3
92.6
87.0
89.1
88.2
85.4
86.4
86.5
97.5
85.1
89.10
85.4
90.1
86.8
87.10
85.9
89.5
90.3
85.2
87.8
85.8
89.7
87.7
87.9
87.6
85.6
90.1
86.7
88.10
85.9
89.6
103
86.1
87.5
86.10
92.7
87.6
106
85.9
84.8
92.4
89.5
84.8
86.5
88.2
85.7
87.1
86.4
86.6
98.3
87.5
92.1
111
89.1
95.10
86.0
97.6
87.3
125
121
154
141
194
166
257
178
88.6
88.7
89.10
85.7
86.6
86.1
96.8
97.6
91.3
89.4
90.1
90.4
87.8
220
87.1
91.7
88.6
85.9
85.8
91.6
89.8
87.7
99.3
88.2
88.8
111
92.1
85.2
86.1
87.9
88.0
94.6
102
85.10
92.8
91.9
85.5
87.2
88.7
90.4
86.6
88.0
87.2
90.2
88.6
86.8
88.0
85.9
107
160
86.2
87.2
111
86.9
89.8
84.1
89.6
95.9
85.9
87.5
84.10
87.1
85.8
87.4
87.4
90.1
88.4
87.4
85.7
90.2
90.2
98.0
86.2
87.3
85.3
87.0
88.6
84.7
87.1
88.7
93.4
87.4
85.9
105
88.0
86.5
92.0
85.2
223
104
87.9
88.6
86.6
90.9
88.4
84.10
84.4
89.9
85.7
88.6
95.2
85.5
90.1
99.2
88.10
92.5
87.7
97.2
87.9
108
85.8
138
118
94.9
141
129
179
166
201
170
163
209
85.8
88.0
89.1
90.6
122
88.3
85.1
86.4
97.5
88.6
87.2
85.0
87.2
88.10
87.6
84.9
88.0
90.0
85.3
86.6
87.5
92.3
87.0
90.7
86.8
88.5
89.6
88.4
91.10
89.9
86.0
87.8
99.4
85.1
86.10
88.10
87.1
87.6
87.4
85.6
90.3
86.1
88.9
88.7
89.8
87.5
85.5
89.8
87.7
89.2
88.0
85.3
88.8
87.8
88.7
87.6
87.7
85.4
90.1
88.8
105
84.2
89.3
88.6
86.8
84.5
87.4
88.7
90.4
85.6
89.9
87.6
90.6
86.2
94.7
86.4
88.5
90.0
85.9
86.8
87.9
89.1
88.8
87.4
87.0
85.5
89.2
88.0
86.0
89.3
89.8
91.3
85.7
90.2
91.1
91.10
86.7
84.8
85.8
86.6
109
86.8
174
86.6
90.4
92.8
87.9
96.0
90.3
129
101
90.9
134
94.4
158
160
89.8
201
152
201
178
87.1
88.10
87.5
85.6
86.8
85.1
90.3
91.8
89.7
88.9
84.9
97.2
85.1
86.10
85.3
87.2
88.8
86.4
87.3
87.1
89.2
85.9
87.9
85.7
90.2
88.8
86.3
87.10
86.4
87.8
89.3
87.6
84.8
86.7
87.6
85.7
88.10
89.2
88.9
90.5
86.2
87.3
87.0
91.10
87.0
86.6
86.3
91.6
89.8
89.2
85.9
87.3
88.3
89.6
87.3
89.4
87.9
89.9
85.2
86.8
87.8
88.10
102
88.5
88.6
87.4
93.3
87.3
87.5
90.7
88.7
89.5
84.8
85.5
87.6
88.6
90.1
84.9
87.1
85.3
90.5
85.0
87.1
85.3
90.4
93.0
87.8
87.3
87.6
90.9
84.6
89.3
87.4
97.9
87.6
85.7
89.1
85.2
99.6
88.2
86.5
85.1
84.6
89.2
87.9
89.3
89.3
88.7
109
89.1
87.4
120
97.8
126
86.9
113
158
139
157
245
153
197
123
86.6
87.3
89.2
87.3
88.0
87.5
85.7
90.7
87.9
85.4
86.9
88.7
89.1
87.4
85.3
93.7
92.5
90.6
90.3
90.0
85.9
88.1
107
87.10
86.2
88.1
89.6
83.10
86.4
87.10
96.5
141
91.8
87.1
85.6
90.6
84.9
87.6
84.9
87.1
86.4
87.4
84.8
86.3
91.4
86.0
84.5
88.5
89.0
87.3
86.3
88.2
86.7
88.0
93.7
85.9
87.9
86.8
87.6
89.2
87.8
85.4
87.1
88.8
87.1
85.0
88.8
101
87.2
85.5
86.5
90.9
89.3
88.9
89.3
87.4
88.5
90.3
92.6
86.1
85.0
104
89.1
87.4
87.2
85.5
90.7
85.3
86.9
205
102
87.2
85.7
86.6
88.1
90.5
87.10
87.2
87.3
93.5
86.5
88.10
85.6
89.0
88.6
89.6
89.7
84.9
122
101
148
134
114
164
154
198
177
156
86.8
94.8
96.3
93.3
87.10
89.5
88.0
91.2
89.7
85.1
85.3
88.1
85.4
89.5
89.7
101
91.9
87.7
86.4
85.1
87.9
87.7
89.8
85.9
86.5
87.1
87.1
86.8
84.6
86.5
84.4
87.5
87.7
88.9
87.3
89.2
86.10
86.5
89.0
88.3
91.4
89.9
92.7
88.2
90.8
87.7
86.7
92.2
91.9
86.7
85.9
88.1
88.6
87.6
86.9
84.0
87.6
86.10
85.10
88.1
88.4
85.0
88.9
92.5
87.9
87.7
87.0
86.6
89.9
89.3
88.2
97.5
87.2
84.9
86.1
112
86.3
88.8
88.4
92.0
86.9
86.8
90.4
89.5
89.1
87.1
90.7
89.6
84.7
92.8
90.1
89.2
85.2
88.8
88.1
88.8
88.0
87.8
86.7
104
157
161
115
164
108
194
173
86.3
88.8
87.3
95.8
99.7
98.3
100
85.3
86.7
87.8
88.4
87.10
93.2
91.8
85.8
89.6
87.1
90.8
88.6
88.1
90.6
88.3
96.9
84.6
89.6
90.7
88.2
86.7
87.5
88.7
86.5
88.4
85.6
90.3
87.5
87.9
95.6
87.4
91.3
86.2
93.4
85.5
90.6
88.8
87.0
102
85.7
87.5
85.2
86.8
87.8
88.3
88.2
86.1
88.6
89.2
89.7
87.5
87.8
86.3
88.2
88.9
90.1
86.8
85.1
89.7
90.4
92.0
86.6
88.2
89.4
89.10
92.2
87.1
85.3
87.6
85.2
87.10
86.9
89.2
88.3
86.1
88.1
87.3
84.2
86.4
86.5
91.2
90.4
88.10
87.1
96.0
87.9
89.8
90.5
87.8
86.0
88.9
88.7
86.9
110
86.4
88.9
89.4
86.9
85.1
86.7
89.1
86.6
87.9
86.6
116
96.3
88.3
128
109
159
98.1
171
85.2
145
194
140
110
85.0
86.6
87.7
88.3
87.8
85.4
87.5
84.7
90.7
87.6
93.1
90.3
87.1
91.9
86.7
91.2
89.3
88.7
85.5
92.7
89.2
87.1
88.9
86.2
87.10
89.6
87.9
86.7
87.8
94.8
87.2
85.1
88.8
93.1
97.8
87.6
86.5
90.5
89.9
91.10
87.10
92.2
90.3
88.4
86.8
87.7
85.9
86.9
89.6
85.3
86.6
85.2
90.5
86.10
87.2
89.3
88.10
87.5
88.4
101
88.2
90.3
84.10
84.7
87.3
88.1
90.0
87.3
90.8
87.9
88.9
89.4
87.2
86.5
86.5
89.2
87.2
88.8
86.7
88.3
88.0
167
95.2
86.4
91.4
87.6
88.2
96.6
90.7
87.10
85.3
86.8
84.7
89.0
87.6
84.5
85.2
87.7
99.5
86.9
88.1
87.1
89.4
87.3
88.1
185
99.8
113
89.8
87.8
116
100
157
88.3
185
160
155
188
171
195
91.1
90.0
88.7
94.9
87.4
87.3
85.8
86.4
85.3
91.4
88.8
91.5
85.1
87.6
88.8
89.6
87.7
87.9
87.5
88.1
86.8
91.5
88.2
89.6
87.7
85.9
87.4
87.5
90.1
86.5
86.2
87.5
83.8
86.5
88.6
85.2
86.4
88.7
93.2
88.6
86.2
93.8
88.7
87.9
89.8
88.2
89.2
91.6
85.8
87.7
85.3
92.0
85.1
85.8
87.5
92.9
89.2
88.9
87.3
87.4
90.3
87.8
86.0
94.1
91.4
89.9
87.3
89.7
85.10
88.2
90.3
85.10
84.6
88.0
89.2
84.9
85.5
95.1
88.7
89.9
89.7
84.10
112
89.2
90.10
85.8
90.3
92.4
87.3
88.6
87.8
85.3
90.2
90.7
84.5
86.4
90.5
86.7
87.6
89.1
87.5
92.4
86.9
85.6
106
87.3
89.8
105
86.1
84.4
124
91.2
141
112
103
157
135
269
161
210
232
86.5
93.9
88.0
90.1
91.8
85.8
84.3
86.5
87.8
87.8
85.7
85.3
87.10
92.0
85.1
87.1
87.3
92.0
87.4
84.10
88.3
88.2
89.7
89.9
86.2
88.3
90.2
88.4
86.6
88.3
92.4
91.7
85.8
90.4
85.8
90.1
84.6
86.1
88.3
87.9
88.6
86.1
85.1
89.1
88.0
93.8
98.7
87.3
87.8
88.7
89.5
90.2
84.8
89.7
90.7
84.9
90.1
88.2
94.6
91.3
89.4
90.7
90.2
89.8
87.4
85.1
86.9
95.3
90.7
88.3
87.5
88.0
90.0
88.6
86.2
87.10
87.9
88.5
86.2
177
85.4
89.7
87.4
85.9
86.10
85.4
90.10
85.9
92.4
87.10
89.8
91.1
89.2
88.0
86.6
88.2
87.3
88.2
96.2
87.8
88.4
86.7
87.8
85.3
90.3
88.7
85.9
86.10
85.2
97.5
85.5
125
106
90.7
133
121
158
146
153
175
157
203
85.2
91.1
88.8
97.2
85.5
94.0
89.4
87.0
85.6
86.5
91.6
89.1
86.3
86.7
99.2
89.9
95.0
88.5
86.5
87.8
89.7
90.7
88.1
90.2
98.10
86.8
108
86.6
88.5
90.3
87.8
90.0
87.10
90.7
84.7
86.6
85.6
89.9
88.4
88.4
86.5
87.7
88.8
88.4
89.6
87.6
88.7
103
87.2
86.3
84.4
110
91.7
87.2
85.3
87.4
95.0
90.8
89.3
92.4
89.8
88.4
87.3
86.2
91.7
87.6
87.8
86.5
85.8
90.1
90.7
86.1
86.6
91.6
87.4
86.8
85.5
87.9
90.6
86.10
89.3
86.3
88.10
89.7
88.2
86.4
91.4
88.2
87.4
90.1
85.6
88.5
87.8
86.5
86.0
92.5
87.8
86.5
88.8
87.6
90.2
86.1
94.8
86.0
89.4
108
86.8
89.3
116
170
150
132
187
160
214
87.3
85.9
90.8
89.3
92.1
90.7
86.9
90.2
85.10
88.5
87.7
89.7
89.4
90.5
86.2
88.3
87.7
87.2
85.9
85.1
88.6
98.6
86.5
86.7
92.8
88.0
87.4
86.6
87.1
91.8
85.0
88.0
87.9
87.8
89.6
85.3
87.6
91.6
85.1
87.9
87.6
86.1
89.1
88.1
84.3
88.7
90.5
89.2
84.9
87.9
87.6
89.7
85.1
90.8
86.2
89.8
88.2
86.0
87.7
92.2
91.7
88.10
88.4
85.9
88.7
89.8
87.6
88.8
86.10
88.6
86.7
87.8
85.10
87.9
89.4
95.4
86.1
88.1
93.5
87.9
88.3
87.8
90.6
88.3
89.2
86.5
85.10
90.8
89.5
85.3
87.1
88.3
87.8
85.3
97.0
86.5
87.4
89.3
87.1
104
88.1
100
88.3
104
85.5
133
108
156
84.8
85.10
167
153
195
175
202
87.1
85.6
90.6
88.3
90.1
88.0
86.7
286
88.8
90.6
88.6
86.1
87.4
90.3
87.8
89.8
85.7
87.6
88.9
86.10
85.4
84.9
87.5
88.7
86.4
90.10
86.4
90.7
90.5
87.9
95.8
86.6
91.2
87.8
85.4
86.7
92.9
90.3
157
177
85.2
94.8
92.6
85.9
87.9
91.4
87.8
85.2
91.9
85.3
90.3
88.1
102
87.4
88.1
90.2
88.3
86.5
87.8
92.1
90.3
90.3
86.4
87.5
88.8
90.1
85.6
96.6
87.2
89.1
87.7
89.8
85.9
88.7
89.5
85.1
86.2
86.10
92.5
87.10
90.1
89.0
90.4
89.10
91.4
86.9
87.10
89.10
88.5
86.2
85.2
92.5
108
88.5
87.5
88.2
89.7
89.9
85.0
86.10
88.4
87.7
85.8
89.7
87.4
89.7
88.7
87.4
87.7
86.10
116
96.7
143
136
90.7
157
149
179
164
147
196
86.6
86.10
85.6
87.7
85.5
88.7
89.7
88.7
90.5
84.10
86.7
85.6
91.3
89.4
87.3
85.1
90.5
89.9
89.1
84.3
86.3
89.5
87.3
85.6
86.9
85.4
89.10
85.10
91.2
88.9
89.5
87.7
85.4
95.6
89.5
88.9
85.8
88.10
87.6
89.6
89.5
86.9
87.4
85.9
105
88.9
85.9
87.4
91.5
89.10
86.10
85.0
84.4
87.7
87.4
85.6
87.7
92.1
91.7
87.8
90.3
85.8
89.3
90.9
86.9
87.9
86.8
93.2
88.0
87.3
86.4
85.1
86.10
88.1
87.6
85.8
98.4
89.1
86.2
86.8
87.2
88.1
87.5
87.5
85.7
88.3
88.10
88.4
86.8
85.6
89.1
85.9
88.4
85.4
83.8
87.0
85.4
87.9
88.0
88.9
84.9
85.5
86.8
93.9
89.9
87.6
86.9
86.8
87.9
109
87.2
140
126
100
256
129
85.5
233
102
267
170
92.2
89.9
86.1
86.7
106
91.2
87.10
86.4
88.3
89.3
94.5
85.3
89.3
89.8
86.9
91.3
84.6
88.2
86.5
89.3
86.9
85.10
86.2
92.7
88.6
86.5
90.1
86.10
88.0
87.5
103
86.8
88.3
89.9
88.1
91.9
86.2
87.6
88.7
90.9
88.0
91.8
90.5
87.6
86.0
86.5
97.6
88.10
88.5
86.2
87.9
94.5
89.5
85.7
88.5
92.9
85.8
87.9
84.10
86.4
89.3
99.3
113
87.7
88.4
87.2
87.6
84.7
190
92.7
87.9
86.8
86.0
88.5
88.2
89.7
85.9
85.6
86.8
93.8
86.5
88.2
94.5
90.4
87.1
88.7
87.7
89.0
88.0
90.5
86.9
85.3
88.7
89.4
86.7
89.6
87.9
87.7
88.1
89.6
86.5
86.0
89.1
145
86.4
86.2
92.4
95.9
95.7
85.9
85.10
120
89.8
135
117
165
147
127
185
153
205
180
90.5
87.3
107
92.9
87.9
88.7
85.1
89.1
91.6
101
90.6
96.8
117
88.8
87.2
88.2
86.9
89.1
87.9
93.8
84.8
89.6
90.3
98.1
87.1
85.10
91.3
86.6
87.4
95.8
90.8
87.5
85.6
87.9
89.10
89.5
104
85.5
84.9
87.0
90.8
87.1
91.0
87.10
89.0
90.7
85.8
97.7
108
107
88.9
86.5
87.8
89.4
101
97.1
88.1
86.9
102
101
86.2
85.10
96.2
231
88.1
89.1
86.8
91.9
90.7
85.7
85.7
84.9
92.7
86.7
87.7
87.1
92.2
89.6
86.8
90.9
86.3
89.4
96.10
85.5
86.3
89.9
89.10
87.6
86.2
87.9
96.7
90.3
86.2
85.6
88.6
92.7
89.5
86.1
86.9
90.8
87.2
85.2
87.9
86.5
87.9
89.4
85.2
87.9
86.1
99.9
87.9
121
107
91.8
128
110
168
88.0
193
258
159
87.1
91.7
88.4
88.1
86.1
90.7
88.7
91.9
85.8
86.10
89.1
86.5
88.1
87.5
90.6
86.10
84.7
90.3
88.8
89.7
86.5
88.3
85.4
88.2
87.5
86.7
85.9
84.6
89.8
87.5
87.4
87.9
88.5
87.7
90.3
85.8
87.5
87.1
86.9
85.9
87.6
117
90.1
84.5
86.9
90.4
87.8
86.7
88.4
90.2
89.7
85.5
88.7
87.9
93.3
87.7
86.8
85.7
103
89.6
88.4
87.8
87.0
89.7
85.4
88.4
95.5
89.10
89.5
86.0
87.3
89.1
105
88.6
85.4
88.1
89.2
87.10
85.7
87.7
87.4
89.10
86.7
85.2
90.6
88.8
86.7
85.5
87.7
89.1
85.9
86.8
89.2
94.7
86.3
86.5
86.5
86.1
110
88.4
87.2
124
107
153
165
191
174
117
200
85.6
87.6
89.9
114
85.3
85.1
84.6
89.8
86.4
91.6
92.5
89.10
87.8
85.2
85.7
89.5
87.3
87.8
84.9
88.3
88.8
87.8
86.5
88.1
94.5
87.10
85.7
85.2
89.4
89.4
85.2
88.3
88.1
90.5
89.1
85.3
87.6
96.0
89.7
84.6
90.7
87.7
87.1
90.0
84.9
86.7
86.8
88.8
87.2
86.4
85.2
89.7
88.5
88.4
85.2
87.2
87.0
86.1
88.5
86.7
91.8
89.4
87.0
89.5
87.9
87.7
87.4
85.8
104
87.0
90.5
86.6
88.1
88.5
149
93.3
159
84.8
88.2
89.1
87.10
85.1
85.10
89.5
87.1
85.3
87.1
84.0
89.5
85.9
85.2
87.5
89.3
87.10
87.5
88.4
89.0
89.4
91.8
88.5
87.7
92.7
88.3
86.9
113
201
88.5
101
99.8
154
130
114
161
146
198
167
98.4
204
87.6
86.8
90.6
87.6
94.0
86.6
89.2
87.10
85.6
86.5
86.8
87.3
88.1
88.4
93.3
92.4
92.6
87.10
86.9
86.9
89.6
87.3
87.7
85.7
89.4
88.1
89.9
101
85.4
84.2
89.3
91.8
91.4
88.10
88.0
87.1
88.8
86.5
88.3
88.9
85.3
86.2
84.7
88.3
85.8
88.3
86.7
90.0
90.0
86.6
95.10
88.0
92.6
89.6
86.0
86.3
87.6
90.8
86.3
86.1
86.4
88.9
88.4
87.3
87.7
86.2
89.0
87.8
89.9
89.5
89.3
89.3
87.8
88.1
85.2
87.6
84.8
85.5
87.1
90.1
86.0
84.5
87.3
86.5
95.6
85.10
88.9
93.6
90.6
90.2
88.0
90.0
85.3
87.8
90.4
85.4
85.6
86.2
94.3
86.0
87.10
88.1
89.0
90.10
87.5
86.2
86.1
94.0
88.4
85.3
87.6
152
118
115
89.3
88.8
225
168
148
85.9
90.8
89.9
88.2
89.8
86.1
88.0
86.9
92.2
208
88.7
93.8
89.9
87.7
88.6
87.4
89.6
87.6
88.6
85.5
88.5
86.8
84.9
92.3
253
91.7
86.6
90.9
87.4
88.2
88.2
86.1
85.3
91.8
90.1
86.5
88.1
85.0
90.2
88.2
85.3
87.0
86.0
94.10
88.1
87.5
86.0
88.8
89.1
85.8
105
87.6
91.0
88.4
87.5
86.5
87.7
91.3
91.6
86.9
87.5
88.7
87.9
90.1
84.8
87.5
90.1
87.1
85.5
88.7
86.4
89.8
86.2
88.6
89.2
88.3
87.8
85.6
85.4
90.7
87.10
86.1
89.2
86.2
88.5
88.2
86.0
87.5
85.9
88.2
87.6
87.4
90.5
89.8
91.1
85.8
90.6
85.6
94.8
88.8
86.6
86.6
86.4
89.9
90.1
86.1
86.5
90.5
90.1
159
110
86.1
87.7
88.1
100
144
125
234
135
140
301
164
124
87.6
86.7
89.3
91.3
86.8
87.0
86.6
95.9
99.2
86.9
86.9
87.7
88.8
85.9
86.4
93.10
91.6
90.9
97.7
84.9
85.9
89.4
89.4
86.9
86.2
89.0
106
90.4
91.1
89.3
96.6
99.7
85.8
87.10
88.3
91.8
90.8
87.1
87.2
90.4
89.2
89.4
86.4
86.8
87.4
87.6
85.9
89.3
89.1
90.1
88.0
88.1
87.4
87.10
90.2
86.1
87.2
89.4
91.6
92.1
86.3
85.10
87.6
87.5
85.9
85.1
85.3
89.4
86.1
85.6
89.9
88.6
87.5
87.9
87.5
87.7
122
88.9
89.3
86.8
88.9
88.5
84.8
85.10
87.2
87.8
89.7
86.5
86.4
84.7
93.5
88.6
87.5
85.0
90.1
88.3
86.10
89.7
85.6
89.2
85.7
88.5
88.8
97.5
89.1
89.8
93.4
96.7
88.3
88.9
108
86.5
139
117
174
145
127
97.6
155
137
181
350
420
87.5
87.9
86.3
86.3
88.0
88.1
87.6
87.2
89.5
85.6
85.7
89.6
87.9
88.4
87.1
84.8
97.5
88.8
87.3
92.0
87.6
89.6
90.5
89.9
85.8
86.1
89.10
87.8
85.2
85.9
87.1
89.2
85.2
84.8
89.6
97.8
87.7
99.9
89.8
87.9
86.10
84.5
165
90.7
87.8
89.2
89.1
86.8
86.2
88.1
90.2
85.6
90.7
84.9
93.6
88.1
87.5
87.5
91.9
89.6
88.1
87.1
84.6
88.8
88.5
89.6
86.3
87.9
88.8
88.10
87.6
87.1
89.3
89.7
85.3
87.9
90.8
90.4
85.2
87.10
87.7
89.9
87.2
86.6
86.4
91.4
90.9
86.8
86.2
86.9
87.10
85.6
85.0
86.3
87.8
89.3
86.6
87.3
87.7
88.1
85.6
89.7
85.3
100
85.1
90.2
86.10
96.6
146
88.1
88.1
159
110
199
155
217
89.4
84.8
87.9
85.10
91.4
89.5
86.5
92.8
85.1
85.5
88.6
88.1
85.6
89.4
84.5
89.6
87.7
86.5
92.0
87.6
87.10
85.5
90.3
87.7
87.8
90.2
89.1
87.2
87.3
88.2
87.4
91.2
88.2
86.3
85.3
88.8
89.9
90.10
89.2
87.3
89.4
85.8
85.8
86.9
90.1
86.3
87.5
105
90.7
88.6
85.10
85.6
89.8
88.5
89.7
87.8
84.5
93.8
87.3
88.4
86.6
86.2
87.7
87.1
87.0
87.9
87.6
87.9
87.4
85.5
90.5
87.4
91.0
89.7
85.2
87.8
87.1
86.5
84.7
89.5
87.6
87.8
84.10
87.7
89.5
87.8
86.9
86.7
90.6
89.7
86.8
89.9
88.4
88.7
88.9
87.5
85.1
85.0
90.8
86.6
88.6
85.8
89.6
123
106
85.9
87.0
177
124
142
291
178
90.1
85.2
87.1
87.3
89.5
90.0
88.5
86.2
86.1
88.9
87.2
87.1
92.6
89.8
89.5
85.1
91.6
89.0
87.7
88.2
87.8
86.7
91.9
84.6
87.9
87.5
87.0
87.6
90.10
87.2
94.1
88.6
88.3
86.2
88.2
84.9
88.6
89.1
87.9
86.8
86.5
129
87.0
85.3
87.0
83.9
87.1
91.4
87.9
86.3
91.2
86.3
86.6
84.9
89.3
85.7
86.1
84.5
97.1
88.3
87.1
89.4
87.4
96.6
87.7
86.9
86.2
89.3
97.7
87.4
86.7
90.8
89.2
88.1
85.4
90.5
86.7
88.2
87.4
98.1
89.9
86.8
94.0
89.10
86.7
85.1
84.4
89.4
88.0
90.3
89.0
91.9
86.5
87.9
85.4
91.6
87.4
86.2
86.8
85.7
89.8
88.1
86.6
85.9
91.2
87.6
86.4
89.9
114
96.7
90.3
125
108
152
135
86.1
162
145
191
254
88.3
86.4
85.3
88.10
86.8
88.5
89.8
99.8
89.6
85.9
87.0
87.1
88.9
85.4
89.4
87.7
91.4
88.7
91.8
88.1
96.1
87.10
87.5
88.8
87.2
87.8
96.0
86.3
85.5
87.2
92.10
90.4
86.2
85.3
85.2
89.2
91.3
87.2
89.0
89.8
88.7
85.10
90.5
86.5
87.1
90.0
87.0
100
87.4
86.9
93.8
93.10
87.2
102
89.6
173
85.3
88.2
91.5
89.4
86.2
87.1
89.1
90.6
87.9
87.10
85.4
91.3
87.4
88.6
93.5
87.4
87.9
86.6
114
102
93.3
86.3
86.2
89.1
92.4
97.5
88.7
110
89.7
88.5
88.6
89.0
90.5
94.6
89.2
87.3
90.2
86.6
90.3
89.2
86.9
87.1
88.9
87.5
84.3
87.1
85.9
89.5
87.7
95.2
98.10
89.0
148
106
87.5
137
119
170
144
86.6
206
167
202
85.3
85.8
89.1
90.0
86.2
84.4
85.6
89.2
88.4
86.0
85.2
89.2
88.5
86.8
87.7
87.1
86.8
89.9
91.0
85.7
89.4
87.8
85.8
85.6
85.4
89.7
87.1
87.0
84.7
85.10
87.7
85.7
85.9
85.10
89.8
87.5
87.6
91.3
86.5
87.4
90.4
85.3
92.0
89.2
88.9
88.0
86.6
85.2
88.4
88.8
91.0
89.6
209
88.10
86.2
87.9
87.3
89.0
90.3
88.6
88.5
84.9
89.0
87.1
87.2
85.4
91.1
102
85.2
87.4
85.1
89.5
144
90.3
86.1
88.4
87.9
85.4
85.0
86.4
91.5
87.7
85.2
86.7
120
89.2
86.4
84.5
86.6
89.2
88.9
89.7
85.9
85.8
88.9
86.10
88.0
89.8
87.1
89.4
88.1
86.6
88.3
84.1
89.5
86.6
85.8
96.3
88.3
124
109
90.3
135
116
146
152
142
181
161
217
85.1
89.2
87.3
91.1
87.9
85.3
93.6
86.9
85.0
85.9
89.9
94.4
88.7
102
87.2
89.8
86.7
87.4
90.5
90.0
88.2
86.2
89.3
85.1
87.6
90.5
85.3
86.5
87.4
92.2
87.6
86.0
86.7
87.6
89.2
87.10
86.7
87.8
88.4
87.10
85.8
87.4
90.3
87.5
87.7
88.8
84.8
96.8
104
85.10
87.4
90.6
85.8
86.5
87.8
86.9
88.7
87.6
87.2
86.2
88.7
88.9
87.3
84.8
86.3
89.10
88.2
86.5
88.2
87.5
87.7
88.5
86.9
85.5
88.8
90.10
86.9
88.4
85.9
87.7
100
97.9
86.7
84.8
89.7
113
86.7
87.9
84.5
87.8
87.6
89.9
87.8
87.9
90.2
86.5
85.7
87.4
88.8
86.3
85.9
89.4
91.5
87.7
87.3
89.6
86.4
89.4
88.7
85.8
93.6
88.5
120
105
150
86.1
112
165
145
188
170
154
205
87.2
96.7
88.6
89.9
87.10
85.2
86.5
87.5
89.2
87.7
194
104
87.3
87.7
92.0
86.5
90.1
90.0
87.4
85.6
89.9
88.1
85.2
85.1
87.1
89.3
88.3
87.3
85.2
88.1
89.2
88.4
86.3
86.4
89.5
87.8
87.3
86.3
85.9
87.4
92.3
86.9
84.8
90.7
88.5
84.9
86.8
87.6
93.4
88.2
102
86.5
91.5
91.4
86.4
97.8
97.2
88.9
87.1
86.2
87.3
87.7
88.2
88.6
94.9
92.1
88.4
87.9
97.9
89.2
88.9
89.2
86.1
91.1
91.1
87.8
85.9
91.1
85.2
89.3
85.9
84.5
87.3
89.1
87.2
86.1
86.10
89.1
87.6
87.4
87.8
87.1
92.1
86.6
84.5
85.9
88.9
89.1
95.1
94.7
87.10
91.9
106
90.5
143
101
106
155
137
216
167
148
194
86.9
91.2
85.8
87.4
87.5
88.3
89.10
86.8
85.9
88.0
88.5
85.6
87.9
86.5
90.0
93.5
86.2
110
91.2
90.1
90.7
85.4
84.9
88.7
86.2
86.3
97.8
91.5
88.2
85.3
90.1
86.5
90.9
90.3
86.1
87.5
89.8
85.8
89.0
91.5
84.2
87.5
88.2
93.9
88.7
90.5
85.6
103
86.3
91.3
99.5
85.4
143
89.8
90.6
85.5
87.8
85.2
98.1
87.4
103
86.8
88.9
108
86.4
91.8
102
90.9
86.6
99.3
92.8
94.2
87.3
85.1
88.9
93.2
90.4
86.7
99.5
88.6
90.8
89.7
87.4
91.2
89.10
107
95.6
87.5
86.8
88.6
99.3
88.7
85.3
88.2
109
84.4
86.6
85.4
94.9
109
95.3
86.4
130
104
150
134
112
164
147
199
178
303
88.8
87.9
93.6
86.5
85.1
90.6
84.9
84.10
84.9
91.8
93.9
90.8
88.6
86.7
89.2
88.5
87.2
88.5
89.9
93.2
86.1
91.3
85.6
88.9
87.5
86.4
85.9
90.9
88.6
86.3
87.9
87.4
104
90.4
88.10
104
90.2
91.8
86.5
87.7
97.1
89.1
89.4
85.6
85.10
85.10
92.10
85.3
87.8
85.8
87.4
88.1
86.4
84.6
87.9
87.8
84.8
85.3
198
89.6
89.5
88.8
87.7
85.1
91.1
86.3
85.6
84.4
91.8
91.9
87.5
87.2
85.7
87.9
92.7
86.5
90.3
88.4
91.8
85.7
89.1
87.0
87.4
88.9
88.7
86.7
87.5
89.10
84.6
86.5
84.9
88.2
88.6
89.6
86.5
87.2
88.1
87.4
87.4
86.8
88.2
90.1
90.4
86.4
85.1
88.8
89.4
85.7
89.8
85.3
89.9
87.0
87.1
87.1
94.9
89.3
88.8
86.5
88.0
89.9
86.7
86.1
85.1
90.7
107
88.8
87.4
86.4
88.9
86.5
86.4
86.7
91.5
91.6
84.10
88.8
85.3
90.7
90.1
88.6
88.2
86.9
89.7
87.7
86.7
88.2
89.7
87.2
87.9
87.10
87.4
87.10
87.4
87.4
86.10
88.8
84.1
98.4
88.7
85.7
90.2
88.0
86.2
85.1
87.7
88.1
86.1
85.7
84.8
91.5
89.1
90.5
85.10
86.1
86.10
87.8
86.9
86.9
92.4
88.1
92.2
86.9
87.1
87.8
89.7
172
86.7
88.2
89.8
87.1
87.3
87.1
93.1
89.1
87.2
85.8
87.1
88.5
85.1
85.9
84.6
90.9
88.6
101
88.4
87.4
88.5
154
96.4
86.0
91.2
90.8
85.9
86.8
86.3
90.9
87.7
87.5
88.0
85.8
88.6
84.9
88.0
88.9
90.4
89.8
85.6
87.9
86.1
88.8
85.4
86.9
87.6
92.1
90.0
87.8
87.3
98.2
165
89.3
95.1
89.5
85.8
87.7
86.9
97.3
85.3
90.6
90.4
88.4
88.9
89.9
89.8
90.1
90.7
87.6
209
88.6
87.9
125
87.6
87.4
87.7
89.7
94.6
86.2
88.4
87.4
86.8
87.1
90.7
89.8
87.6
84.5
88.4
88.5
87.8
86.8
88.9
87.1
89.0
87.5
87.1
87.8
93.1
89.2
84.9
85.9
86.7
90.10
89.4
87.9
89.7
87.7
87.7
86.6
88.9
86.1
95.9
88.5
90.0
85.8
92.9
89.9
86.6
87.9
89.2
90.4
90.2
263
88.6
90.3
89.7
85.8
87.0
89.7
87.4
90.0
85.7
84.9
87.5
88.1
88.7
88.3
91.6
84.8
98.7
87.2
87.5
87.7
91.8
88.3
89.5
87.10
89.7
87.9
86.6
87.9
88.2
90.2
87.6
89.9
180
86.7
90.1
97.8
85.3
85.4
90.2
101
100
89.3
85.7
109
89.0
144
157
180
158
137
184
172
204
198
89.5
85.3
96.2
90.1
92.3
88.5
86.9
87.5
93.7
86.8
86.1
87.8
91.7
87.8
85.7
86.10
86.6
88.8
118
84.7
91.8
91.1
111
85.4
85.7
87.6
89.8
88.5
88.4
85.8
88.2
89.1
85.2
86.3
87.1
94.8
89.5
87.8
89.10
87.1
89.3
87.9
85.3
87.7
95.8
90.3
90.9
87.4
86.5
87.7
88.9
85.8
88.4
86.8
84.4
85.8
85.5
86.3
91.2
90.7
87.10
89.0
85.8
90.3
88.2
95.9
85.7
91.2
87.6
86.6
90.6
86.1
87.3
88.4
85.10
84.6
85.6
94.5
86.3
86.5
86.4
94.5
93.3
88.7
86.1
85.9
91.1
106
105
88.1
88.10
90.3
84.1
87.6
85.1
87.6
88.0
90.6
85.0
85.8
87.6
86.7
84.7
87.8
90.2
88.0
87.1
85.5
87.4
88.3
88.3
116
88.4
146
108
108
87.2
137
221
165
147
170
88.4
90.6
87.9
86.6
87.1
93.3
88.8
94.2
86.3
88.4
93.0
109
85.3
85.10
89.8
93.5
87.2
91.6
88.3
89.6
84.3
85.6
87.8
88.7
90.3
86.2
192
86.6
88.8
89.2
85.10
87.6
103
88.8
87.9
85.10
92.4
87.0
87.3
89.2
84.9
89.5
85.8
87.2
86.0
89.1
88.2
92.2
87.8
86.1
88.9
89.8
86.3
86.7
95.8
89.3
88.0
91.6
91.4
89.3
85.3
87.9
90.1
87.10
90.3
93.1
116
88.2
86.7
87.6
89.2
97.3
104
92.1
86.8
88.3
87.6
89.8
87.9
85.3
90.2
91.7
86.7
87.5
91.2
224
84.8
85.9
86.6
87.8
89.6
85.9
89.7
88.10
87.5
87.3
87.2
103
87.7
109
95.2
86.6
125
106
152
136
131
165
152
197
192
88.3
89.2
89.7
88.5
91.10
87.9
85.1
90.10
87.3
84.8
89.6
84.4
90.2
88.6
87.3
92.4
88.2
88.3
89.10
95.5
87.5
93.3
94.4
91.6
85.3
87.5
88.1
89.7
85.3
88.1
88.9
87.10
90.5
93.5
86.7
93.1
91.9
86.9
85.9
85.8
88.5
89.6
87.4
84.4
85.4
89.5
87.4
87.4
87.7
89.8
93.4
89.2
92.10
95.2
91.7
88.7
114
87.6
89.4
87.10
84.7
89.2
86.6
89.8
88.2
85.3
88.6
85.8
91.3
88.3
85.0
87.5
91.0
88.3
88.10
87.0
84.6
88.10
88.4
84.6
86.7
92.4
84.10
86.7
88.4
86.8
90.9
90.8
85.5
85.5
86.7
89.3
88.8
172
86.9
91.8
88.2
86.9
94.8
86.3
89.6
86.4
86.6
86.1
93.2
86.7
121
105
86.7
139
112
87.9
143
189
169
146
217
86.1
90.3
91.2
85.9
84.9
88.5
88.5
86.8
87.5
87.1
87.8
91.9
88.3
88.6
85.4
89.2
87.3
85.9
85.9
89.3
91.9
86.9
88.6
85.7
88.9
86.8
86.5
88.7
88.8
95.10
84.10
86.3
86.10
89.6
84.6
87.2
104
212
91.2
87.6
87.2
85.8
104
88.6
88.2
85.5
84.5
88.5
86.4
88.5
86.9
90.6
88.7
86.7
87.2
86.6
89.6
84.3
86.8
87.1
88.3
89.4
85.6
90.4
86.7
86.6
86.7
86.8
87.3
89.4
88.3
87.4
86.2
86.8
92.5
84.4
86.8
88.3
87.0
89.5
85.4
85.7
95.2
88.2
87.4
86.6
85.5
87.5
89.1
87.9
87.3
87.0
92.5
90.8
87.6
100
87.9
89.5
91.10
87.5
86.0
87.8
88.4
87.3
87.9
88.7
90.7
89.8
86.7
123
97.8
89.6
124
97.10
84.7
135
110
166
144
199
174
89.8
87.4
87.7
87.6
90.3
86.1
85.6
86.10
92.7
94.9
89.6
86.3
84.10
84.3
87.10
87.2
85.9
89.9
89.5
87.10
86.2
89.2
88.7
87.9
87.2
87.7
86.7
87.9
84.3
86.7
88.7
88.0
88.1
87.7
84.7
103
88.0
89.6
90.10
87.0
91.7
88.9
87.7
87.3
87.7
86.7
91.9
85.7
86.6
86.3
89.2
88.2
87.9
86.4
91.4
90.4
92.7
91.8
87.10
87.9
95.9
167
86.4
89.6
89.5
87.7
86.2
87.8
89.3
91.1
86.10
86.7
87.7
87.5
94.3
89.1
88.9
89.7
101
86.9
89.10
87.9
90.1
87.7
85.6
88.6
89.10
89.5
87.2
85.10
87.4
91.2
99.9
85.1
88.8
90.5
87.9
86.8
88.2
86.10
91.8
87.4
85.9
86.9
84.9
90.3
85.3
86.4
85.5
89.5
88.9
87.9
88.1
87.4
90.2
90.2
86.2
87.4
92.7
92.5
90.2
111
101
89.3
96.7
87.8
87.2
86.7
89.6
87.9
87.3
86.9
87.4
90.0
86.1
91.5
85.1
90.7
85.8
85.5
87.4
90.9
92.8
91.4
88.1
85.5
88.6
89.1
87.4
86.2
86.5
84.1
151
87.3
84.5
88.3
87.6
87.8
85.0
89.7
90.4
86.4
86.3
85.0
91.8
86.5
87.9
89.4
86.4
89.5
86.5
86.3
89.8
92.5
91.3
86.5
86.3
84.9
88.1
92.4
86.3
87.0
87.2
90.4
90.1
86.10
88.9
90.2
96.4
95.1
86.7
86.1
89.4
85.4
87.5
84.10
87.4
92.2
85.8
88.9
86.5
89.4
87.4
85.8
87.7
90.5
88.6
87.2
90.4
87.0
89.1
86.4
92.2
86.2
88.8
87.7
107
86.5
98.4
89.2
84.8
85.6
90.3
86.5
89.4
85.0
87.7
87.1
88.3
88.5
89.3
114
93.1
151
125
106
151
133
177
133
145
199
87.1
90.3
84.0
86.1
88.8
90.3
88.5
86.10
86.1
88.1
87.7
86.1
86.10
90.9
90.0
91.6
87.6
87.2
89.3
89.4
85.5
94.5
85.4
89.5
88.1
86.7
86.3
84.2
91.1
87.0
85.5
87.3
87.4
86.7
85.4
86.5
92.4
95.3
85.5
88.7
84.8
84.9
89.0
85.1
97.9
101
84.3
91.1
86.4
87.8
90.8
83.9
84.5
96.7
90.6
93.9
85.1
88.5
86.5
90.2
87.9
85.3
87.3
91.9
89.3
85.7
86.9
95.4
87.8
89.6
85.2
95.7
88.0
87.1
90.4
87.3
84.10
90.9
90.0
87.2
92.8
85.2
89.9
85.5
92.10
86.1
97.9
92.2
87.1
85.3
87.6
88.6
84.7
86.4
86.3
91.4
90.7
94.3
86.6
88.8
89.0
85.1
85.8
87.2
97.1
89.6
93.9
86.3
85.1
136
124
169
149
141
121
93.3
109
86.7
88.2
88.4
87.5
93.4
89.8
97.1
87.1
86.10
88.5
107
87.10
85.9
85.10
90.2
86.6
86.7
88.3
92.10
85.4
84.2
86.5
88.2
89.7
87.7
86.9
85.0
87.6
86.4
88.1
86.5
89.1
88.0
86.9
85.4
88.9
90.4
97.5
84.4
84.10
90.9
88.5
86.7
87.6
87.10
91.8
87.8
88.1
85.1
89.5
87.3
87.5
86.1
93.1
89.0
88.8
89.8
88.4
89.1
85.1
85.1
86.8
90.0
93.4
86.6
85.3
90.2
99.6
86.7
89.2
86.2
91.0
90.7
88.3
86.8
92.2
88.8
86.9
86.7
92.5
90.3
88.9
86.1
86.5
90.3
94.7
88.8
110
101
89.10
86.1
88.4
89.7
89.5
85.10
90.10
86.5
88.10
104
87.8
132
126
165
149
88.1
95.5
163
204
187
86.1
88.4
90.5
86.10
89.9
89.7
101
86.10
84.7
85.4
88.4
87.7
85.4
85.6
86.8
88.9
86.10
87.7
84.3
99.7
85.8
86.1
83.10
88.6
84.4
87.7
87.8
91.1
88.3
87.9
87.4
87.4
86.6
86.0
85.10
86.5
90.7
88.3
86.1
84.7
88.6
89.8
88.6
86.4
85.4
85.4
85.4
87.5
95.4
92.6
87.6
86.5
85.7
86.7
84.1
86.2
86.3
86.6
87.7
89.1
84.7
87.4
86.3
87.7
84.5
95.9
84.1
86.6
93.4
85.9
87.1
85.9
92.8
89.9
85.1
86.5
88.1
89.0
84.1
92.6
111
91.7
89.2
86.10
88.0
87.3
87.6
85.4
87.4
87.7
87.7
85.2
86.8
87.3
85.8
85.6
88.1
86.3
87.3
89.9
88.6
119
101
87.6
97.9
113
165
150
121
168
157
217
184
83.9
94.0
87.8
99.2
85.3
86.9
87.4
87.4
89.1
86.9
91.6
85.6
84.5
85.3
88.5
87.4
86.7
86.7
89.6
86.10
87.5
87.5
86.5
105
91.4
86.8
84.4
86.7
89.3
87.2
85.8
87.9
91.1
88.5
84.8
98.0
85.7
85.6
87.4
105
84.4
89.6
89.6
88.3
86.4
88.7
87.9
85.1
85.1
86.2
87.6
92.3
86.2
85.4
86.9
87.2
85.9
85.8
87.9
86.9
89.5
84.5
86.3
87.1
85.3
86.8
89.5
85.5
86.3
87.6
85.0
86.6
86.0
89.7
91.2
84.5
86.6
89.6
87.6
87.8
87.7
92.2
90.1
89.2
87.8
88.1
87.5
87.4
88.3
85.5
89.6
87.7
92.1
84.9
86.8
85.9
86.0
86.8
87.2
88.0
90.1
87.5
87.6
86.9
87.2
88.7
106
88.1
89.10
121
99.7
149
128
196
97.4
127
185
168
89.6
90.5
88.5
89.4
84.7
87.2
89.0
87.7
86.2
88.8
88.7
85.0
86.5
86.6
91.4
84.7
86.5
87.1
85.5
85.2
88.8
85.6
84.4
89.2
86.7
86.10
86.6
86.6
88.2
87.2
86.7
87.3
89.4
88.0
84.8
87.5
86.1
87.10
86.10
85.1
96.6
89.5
89.1
85.7
89.8
84.10
89.5
90.2
85.4
90.1
89.2
85.7
87.10
85.8
85.2
87.8
85.7
85.9
86.8
84.7
90.6
85.3
85.5
86.3
99.4
89.1
87.4
92.3
86.6
93.0
86.4
86.10
86.7
89.2
88.4
86.3
85.7
85.3
86.9
88.1
87.2
84.9
89.2
88.6
87.10
84.9
87.2
89.5
84.4
86.4
85.2
88.7
88.9
